#####                          :::::::::::::::                              ####
#####                             CONSTANTES                                ####


logActivado <- FALSE


# Define el orden de las columnas, organizadas por bloques
orden <- c(
  # Información de la iniciativa

  "codigoIniciativa", "codigoProvisionalIniciativa", "claseActuacion", "subtipoActuacion",
  "estructuraPrtr","listadoCids", "denominacionIniciativa", 
  
  
  # Indicadores
  "IND001180", "IND001180a", "IND001180b", "IND001180c", "IND001180d", "IND001180e", "IND001194", "IND001195", "IND001195a", "IND001195b", "IND001195c", "IND001195d", "IND001195e", "IND001199", "IND001200", "IND001200a", "IND001200b", "IND001201", "IND001201a", "IND001201v0", "IND001201v0a", "IND001201v0b", "IND001204", "IND001201b", "IND001209", "IND001209a", "IND001209b", "IND001209c", "IND001209d", "IND0010L35", "IND0010L36", "IND001L39", "IND001192", "IND001245", "IND001245a", "IND001245b", "IND001246", "IND001246a", "IND001246b", "IND001247", "IND001248", "IND001249", "IND001250", "IND001251", "IND001252", "IND001253", "IND001457", "IND001458", "IND001284", "IND001284a", "IND001284b", "IND001466Aa", "IND001286", "IND001288", "IND001292", "IND001293", "IND001294", "IND001285", "IND001313", "IND001313a", "IND001313b", "IND001313c", "IND001366", "IND001366a", "IND001366b", "IND001476", "IND001476a", "IND001476b", "IND001L75", "IND001L75a", "IND001L75b", "IND001L76", "IND0010L77", "IND0010L78", "IND0010L78a", "IND0010L78b", "IND0010L78c", "IND0010L79", "IND0010L79a", "IND0010L79b", "IND0010L79c", "IND0010L80",


  # Datos económicos
  "ppn2020", "ppn2021", "ppn2022", "ppn2023", "ppn2024", "ppn2025", "ppn2026",
  "pptN", "cefMrr", "ivaPpt", "pptB", "importeOperacionesSinIva", "sumaImportesNetosIjs",
  "importeTotalOperaciones", "sumaImportesBrutosIjs", "importeDestinatariosSinIva",
  "importeTotalDestinatarios",
  
  "estadoIniciativa",
  
  
  # Información jerárquica
  "codigoIniciativaPadre",  "estructura","tipoIniciativa", "profundidad",


  # Datos del responsable
  "nombreResponsable", "cargoResponsable", "nifResponsable", "telefonoResponsable",
  "correoElectronicoResponsable", "radixResponsable",

  # Información organizacional
  "dir3Unidad", "denominacionUnidad", "fechaInicio", "fechaFin", "dir3Ed", "entidadDecisora",
  "dir3Ee", "entidadEjecutora", "nifNormalizadoEe", "dir3Og", "organoGestor", "ambitoMayoritario",
  "ambito", "ccaa", "provincia",

  # Información del subproyecto y observaciones
  "destinoSubproyecto", "codigoMedida",  "desembolsos", "noOperaciones",
  "noOperacionesConDestinatario", "tipoIniciativaPadre", "noAuxDefinicion", "noAuxPlanificacion",
  "observacionesConcatenadas",

  # # Validaciones
  "validacion1a", "validacion1c", "validacion2c", "validacion3", "validacion6b",
  
  # # Generacion de hitos
  "subdireccionResponsable", "esBeneficiarioPublicoPrivado", "tipoInstrumentoSigefe", "tipoResponsableParaHitosAuxiliares",

  # # Otros
  "profundidadPrtr","generadaPorIniciativa", "codigoProvisionalGeneradaPorIniciativa",  "denominacionGeneradaPorIniciativa"
  
  )

# Define el orden de las columnas, organizadas por bloques
columnasAeliminar <- c(
  
  
  # Información jerárquica
  "codigoIniciativaPadre",  "estructura","tipoIniciativa", "profundidad",
  
  # Datos del responsable
  "nombreResponsable", "cargoResponsable", "nifResponsable", "telefonoResponsable",
  "correoElectronicoResponsable", "radixResponsable",
  
  # Información organizacional
  "dir3Unidad", "denominacionUnidad", "fechaInicio", "fechaFin", "dir3Ed", "entidadDecisora",
  "dir3Ee", "entidadEjecutora", "nifNormalizadoEe", "dir3Og", "organoGestor", "ambitoMayoritario",
  "ambito", "ccaa", "provincia",
  
  # Información del subproyecto y observaciones
  "destinoSubproyecto", "codigoMedida",  "desembolsos","tipoIniciativaPadre", "observacionesConcatenadas",
  
  # Generacion de hitos
  "subdireccionResponsable", "esBeneficiarioPublicoPrivado", "tipoInstrumentoSigefe", "tipoResponsableParaHitosAuxiliares",
    

  # # Indicadores
  # "IND001180", "IND001180a", "IND001180b", "IND001180c", "IND001180d", "IND001180e", "IND001194", "IND001195", "IND001195a", "IND001195b", "IND001195c", "IND001195d", "IND001195e", "IND001199", "IND001200", "IND001200a", "IND001200b", "IND001201", "IND001201a", "IND001201v0", "IND001201v0a", "IND001201v0b", "IND001204", "IND001201b", "IND001209", "IND001209a", "IND001209b", "IND001209c", "IND001209d", "IND0010L35", "IND0010L36", "IND001L39", "IND001192", "IND001245", "IND001245a", "IND001245b", "IND001246", "IND001246a", "IND001246b", "IND001247", "IND001248", "IND001249", "IND001250", "IND001251", "IND001252", "IND001253", "IND001457", "IND001458", "IND001284", "IND001284a", "IND001284b", "IND001466Aa", "IND001286", "IND001288", "IND001292", "IND001293", "IND001294", "IND001285", "IND001313", "IND001313a", "IND001313b", "IND001313c", "IND001366", "IND001366a", "IND001366b", "IND001476", "IND001476a", "IND001476b", "IND001L75", "IND001L75a", "IND001L75b", "IND001L76", "IND0010L77", "IND0010L78", "IND0010L78a", "IND0010L78b", "IND0010L78c", "IND0010L79", "IND0010L79a", "IND0010L79b", "IND0010L79c", "IND0010L80",

  # # Otros
  ##"profundidadPrtr","generadaPorIniciativa", 
  "codigoProvisionalGeneradaPorIniciativa", "denominacionGeneradaPorIniciativa"
  
  
  )

# Define los subtipos de actuacion

tipologiaSubtipoActuacion <- data.frame(
  tipoConvenio = 
    c(
      
      "Convenio suscrito con entidad privada.",
      
      "Convenio suscrito con entidad pública contemplada en el art. 3 de la Res. 1/2022 de 12 de abril de la SGFE: 
          a)  Ministerios identificados explícitamente en el PRTR ((27/04/2021).
          b)  Entidades del sector público institucional vinculadas o dependientes de Ministerios, si:
          - Aparecen expresamente en el PRTR.
          -Tienen competencias funcionales según RD de estructura o sus Estatutos de funcionamiento.
          c)  Consejerías autonómicas o divisiones departamentales análogas.
          d)  Entidades locales recogidas en el artículo 3 de la Ley 7/1985 sin importar el instrumento jurídico empleado.
          e)  Universidades públicas en los subproyectos que se les atribuyan.",
      
      "Convenio suscrito con la FEMP o con entidad pública distinta de las contempladas en el art. 3 de la Res. 1/2022 de 12 de abril de la SGFE. 
          Es decir, distinta de: 
          a)  Ministerios identificados explícitamente en el PRTR ((27/04/2021).
          b)  Entidades del sector público institucional vinculadas o dependientes de Ministerios, si:
          - Aparecen expresamente en el PRTR.
          - Tienen competencias funcionales según RD de estructura o sus Estatutos de funcionamiento.
          c)  Consejerías autonómicas o divisiones departamentales análogas.
          d)  Entidades locales recogidas en el artículo 3 de la Ley 7/1985 sin importar el instrumento jurídico empleado.
          e)  Universidades públicas en los subproyectos que se les atribuyan."
    ),